Image: 1
Timestamp: 1769688218_795404911
[ 0.974392175674438] [-0.223769009113312] [ 0.022075723856688] [-0.011079755611718]
[ 0.222130224108696] [ 0.973171532154083] [ 0.059960424900055] [-0.335925966501236]
[-0.034900799393654] [-0.053521279245615] [ 0.997956693172455] [ 1.268108844757080]
[ 0.000000000000000] [ 0.000000000000000] [ 0.000000000000000] [ 1.000000000000000]

Image: 2
Timestamp: 1769688218_841311454
[ 0.973159193992615] [-0.230019539594650] [-0.007228624075651] [-0.011087119579315]
[ 0.230025008320808] [ 0.971259653568268] [ 0.061181064695120] [-0.335721343755722]
[-0.007052013650537] [-0.061201665550470] [ 0.998100638389587] [ 1.268023371696472]
[ 0.000000000000000] [ 0.000000000000000] [ 0.000000000000000] [ 1.000000000000000]

Image: 3
Timestamp: 1769688218_874356985
[ 0.975192368030548] [-0.221161261200905] [-0.009363438934088] [-0.010888334363699]
[ 0.221357524394989] [ 0.974485099315643] [ 0.037143059074879] [-0.336624741554260]
[ 0.000909896567464] [-0.038294285535812] [ 0.999266207218170] [ 1.270013809204102]
[ 0.000000000000000] [ 0.000000000000000] [ 0.000000000000000] [ 1.000000000000000]

Image: 4
Timestamp: 1769688218_902565956
[ 0.974408566951752] [-0.223771288990974] [-0.021317955106497] [-0.011477522552013]
[ 0.224766433238983] [ 0.971138834953308] [ 0.079807847738266] [-0.335878759622574]
[ 0.002843966241926] [-0.082556992769241] [ 0.996582448482513] [ 1.266512632369995]
[ 0.000000000000000] [ 0.000000000000000] [ 0.000000000000000] [ 1.000000000000000]

Image: 5
Timestamp: 1769688218_924246788
[ 0.974211275577545] [-0.225542813539505] [-0.006549719721079] [-0.010567117482424]
[ 0.225613728165627] [ 0.973271846771240] [ 0.042896967381239] [-0.335009902715683]
[-0.003300467971712] [-0.043268408626318] [ 0.999058187007904] [ 1.266171813011169]
[ 0.000000000000000] [ 0.000000000000000] [ 0.000000000000000] [ 1.000000000000000]

Image: 6
Timestamp: 1769688218_946015596
[ 0.975153207778931] [-0.220295250415802] [-0.023372426629066] [-0.010212550871074]
[ 0.220797270536423] [ 0.975079536437988] [ 0.021640036255121] [-0.335513949394226]
[ 0.018022755160928] [-0.026262920349836] [ 0.999492764472961] [ 1.266351580619812]
[ 0.000000000000000] [ 0.000000000000000] [ 0.000000000000000] [ 1.000000000000000]

Image: 7
Timestamp: 1769688218_967777729
[ 0.975131750106812] [-0.220859274268150] [-0.018421877175570] [-0.010799399577081]
[ 0.221595913171768] [ 0.970249891281128] [ 0.097520858049393] [-0.335106432437897]
[-0.003664577379823] [-0.099177882075310] [ 0.995063245296478] [ 1.265373349189758]
[ 0.000000000000000] [ 0.000000000000000] [ 0.000000000000000] [ 1.000000000000000]

Image: 8
Timestamp: 1769688218_989638090
[ 0.974784910678864] [-0.222227260470390] [-0.020238671451807] [-0.010699787177145]
[ 0.223076805472374] [ 0.972735702991486] [ 0.063418291509151] [-0.334617286920547]
[ 0.005593586247414] [-0.066333964467049] [ 0.997782111167908] [ 1.267643451690674]
[ 0.000000000000000] [ 0.000000000000000] [ 0.000000000000000] [ 1.000000000000000]

Image: 9
Timestamp: 1769688219_011411666
[ 0.975871443748474] [-0.217029020190239] [-0.023950889706612] [-0.010835309512913]
[ 0.217546597123146] [ 0.975809872150421] [ 0.021644882857800] [-0.334976524114609]
[ 0.018673926591873] [-0.026333067566156] [ 0.999479115009308] [ 1.261708259582520]
[ 0.000000000000000] [ 0.000000000000000] [ 0.000000000000000] [ 1.000000000000000]

Image: 10
Timestamp: 1769688219_033370733
[ 0.977451443672180] [-0.210549384355545] [-0.016062915325165] [-0.010697081685066]
[ 0.211095958948135] [ 0.976208686828613] [ 0.049546867609024] [-0.335124254226685]
[ 0.005248686298728] [-0.051820471882820] [ 0.998642981052399] [ 1.273260354995728]
[ 0.000000000000000] [ 0.000000000000000] [ 0.000000000000000] [ 1.000000000000000]

Image: 11
Timestamp: 1769688219_061964750
[ 0.977542817592621] [-0.209919720888138] [-0.018549775704741] [-0.011086753569543]
[ 0.210708633065224] [ 0.972152471542358] [ 0.102572813630104] [-0.336533159017563]
[-0.003498847130686] [-0.104177877306938] [ 0.994552850723267] [ 1.266023874282837]
[ 0.000000000000000] [ 0.000000000000000] [ 0.000000000000000] [ 1.000000000000000]

Image: 12
Timestamp: 1769688219_083624124
[ 0.976107418537140] [-0.217228710651398] [-0.005122010596097] [-0.010250071063638]
[ 0.217012211680412] [ 0.973402917385101] [ 0.073431544005871] [-0.333881527185440]
[-0.010965660214424] [-0.072788596153259] [ 0.997287392616272] [ 1.259096384048462]
[ 0.000000000000000] [ 0.000000000000000] [ 0.000000000000000] [ 1.000000000000000]

Image: 13
Timestamp: 1769688219_113382816
[ 0.972601771354675] [-0.230636447668076] [-0.029203807935119] [-0.010727214626968]
[ 0.231658011674881] [ 0.972035348415375] [ 0.038492564111948] [-0.334223508834839]
[ 0.019509332254529] [-0.044203221797943] [ 0.998832345008850] [ 1.265228152275085]
[ 0.000000000000000] [ 0.000000000000000] [ 0.000000000000000] [ 1.000000000000000]

Image: 14
Timestamp: 1769688219_147203922
[ 0.977281928062439] [-0.205863788723946] [-0.050401132553816] [-0.010774862952530]
[ 0.208436086773872] [ 0.976621925830841] [ 0.052571557462215] [-0.335317045450211]
[ 0.038400262594223] [-0.061882629990578] [ 0.997344791889191] [ 1.266254425048828]
[ 0.000000000000000] [ 0.000000000000000] [ 0.000000000000000] [ 1.000000000000000]

Image: 15
Timestamp: 1769688219_183669567
[ 0.976574361324310] [-0.214374333620071] [-0.018609751015902] [-0.010576955042779]
[ 0.215166881680489] [ 0.971876561641693] [ 0.095702163875103] [-0.334867119789124]
[-0.002429708838463] [-0.097464442253113] [ 0.995236396789551] [ 1.264320135116577]
[ 0.000000000000000] [ 0.000000000000000] [ 0.000000000000000] [ 1.000000000000000]

Image: 16
Timestamp: 1769688219_237488985
[ 0.973380267620087] [-0.224963948130608] [-0.043842576444149] [-0.011059364303946]
[ 0.226826339960098] [ 0.972963929176331] [ 0.043482817709446] [-0.334665834903717]
[ 0.032875165343285] [-0.052269957959652] [ 0.998092114925385] [ 1.263709902763367]
[ 0.000000000000000] [ 0.000000000000000] [ 0.000000000000000] [ 1.000000000000000]

Image: 17
Timestamp: 1769688219_268600225
[ 0.976283192634583] [-0.213672995567322] [-0.034858413040638] [-0.011169069446623]
[ 0.215200752019882] [ 0.975370526313782] [ 0.048380333930254] [-0.334536164999008]
[ 0.023662287741899] [-0.054734457284212] [ 0.998220920562744] [ 1.264794111251831]
[ 0.000000000000000] [ 0.000000000000000] [ 0.000000000000000] [ 1.000000000000000]

Image: 18
Timestamp: 1769688219_291845798
[ 0.975697338581085] [-0.216568574309349] [-0.033359572291374] [-0.010581343434751]
[ 0.218123957514763] [ 0.974447906017303] [ 0.053600806742907] [-0.334620773792267]
[ 0.020898899063468] [-0.059574671089649] [ 0.998005390167236] [ 1.265911698341370]
[ 0.000000000000000] [ 0.000000000000000] [ 0.000000000000000] [ 1.000000000000000]

Image: 19
Timestamp: 1769688219_343030452
[ 0.977201282978058] [-0.211483940482140] [-0.018769651651382] [-0.010387970134616]
[ 0.212053120136261] [ 0.976564824581146] [ 0.036801598966122] [-0.335051983594894]
[ 0.010546831414104] [-0.039942726492882] [ 0.999146640300751] [ 1.267061948776245]
[ 0.000000000000000] [ 0.000000000000000] [ 0.000000000000000] [ 1.000000000000000]

Image: 20
Timestamp: 1769688219_365989923
[ 0.975646972656250] [-0.219191685318947] [-0.008245375007391] [-0.010478805750608]
[ 0.219163924455643] [ 0.972610354423523] [ 0.077434539794922] [-0.334878802299500]
[-0.008953462354839] [-0.077355846762657] [ 0.996963739395142] [ 1.262509942054749]
[ 0.000000000000000] [ 0.000000000000000] [ 0.000000000000000] [ 1.000000000000000]

Image: 21
Timestamp: 1769688219_400374412
[ 0.976131677627563] [-0.216851606965065] [-0.011932275258005] [-0.010383801534772]
[ 0.216978982090950] [ 0.976117908954620] [ 0.010666146874428] [-0.334144502878189]
[ 0.009334339760244] [-0.013000622391701] [ 0.999872326850891] [ 1.261184096336365]
[ 0.000000000000000] [ 0.000000000000000] [ 0.000000000000000] [ 1.000000000000000]

Image: 22
Timestamp: 1769688219_419373750
[ 0.973206818103790] [-0.229918330907822] [-0.002469488419592] [-0.010945198126137]
[ 0.229749426245689] [ 0.971952140331268] [ 0.050240091979504] [-0.333799302577972]
[-0.009150898084044] [-0.049461342394352] [ 0.998734533786774] [ 1.264294505119324]
[ 0.000000000000000] [ 0.000000000000000] [ 0.000000000000000] [ 1.000000000000000]

Image: 23
Timestamp: 1769688219_444919586
[ 0.975184023380280] [-0.220043376088142] [-0.024435536935925] [-0.011053293943405]
[ 0.220965072512627] [ 0.974222481250763] [ 0.045440860092640] [-0.334910988807678]
[ 0.013806676492095] [-0.049712583422661] [ 0.998668551445007] [ 1.264634132385254]
[ 0.000000000000000] [ 0.000000000000000] [ 0.000000000000000] [ 1.000000000000000]

Image: 24
Timestamp: 1769688219_469142198
[ 0.975073814392090] [-0.219403505325317] [-0.033064879477024] [-0.010635244660079]
[ 0.221270576119423] [ 0.972579896450043] [ 0.071606859564781] [-0.335731297731400]
[ 0.016447426751256] [-0.077138222754002] [ 0.996885180473328] [ 1.272399544715881]
[ 0.000000000000000] [ 0.000000000000000] [ 0.000000000000000] [ 1.000000000000000]

Image: 25
Timestamp: 1769688219_493450641
[ 0.976653456687927] [-0.209589332342148] [-0.047121454030275] [-0.010748387314379]
[ 0.212816387414932] [ 0.973872780799866] [ 0.079251609742641] [-0.335884898900986]
[ 0.029280005022883] [-0.087429516017437] [ 0.995740711688995] [ 1.263258099555969]
[ 0.000000000000000] [ 0.000000000000000] [ 0.000000000000000] [ 1.000000000000000]

Image: 26
Timestamp: 1769688219_544600725
[ 0.976059496402740] [-0.217092946171761] [-0.013359036296606] [-0.010540532879531]
[ 0.217478036880493] [ 0.973159492015839] [ 0.075257740914822] [-0.334071099758148]
[-0.003337441012263] [-0.076361268758774] [ 0.997074961662292] [ 1.263771533966064]
[ 0.000000000000000] [ 0.000000000000000] [ 0.000000000000000] [ 1.000000000000000]

Image: 27
Timestamp: 1769688219_577777862
[ 0.971850812435150] [-0.231083378195763] [-0.045895569026470] [-0.011153710074723]
[ 0.232932612299919] [ 0.971666276454926] [ 0.040085498243570] [-0.335736274719238]
[ 0.035332083702087] [-0.049647659063339] [ 0.998142004013062] [ 1.270039081573486]
[ 0.000000000000000] [ 0.000000000000000] [ 0.000000000000000] [ 1.000000000000000]

Image: 28
Timestamp: 1769688219_605465650
[ 0.975076258182526] [-0.217425629496574] [-0.044186279177666] [-0.010846244171262]
[ 0.219532847404480] [ 0.974308788776398] [ 0.050275363028049] [-0.336044907569885]
[ 0.032119899988174] [-0.058722596615553] [ 0.997757852077484] [ 1.267008304595947]
[ 0.000000000000000] [ 0.000000000000000] [ 0.000000000000000] [ 1.000000000000000]

Image: 29
Timestamp: 1769688219_635648727
[ 0.975260615348816] [-0.219478026032448] [-0.026384443044662] [-0.010712038725615]
[ 0.220627367496490] [ 0.973850369453430] [ 0.054212346673012] [-0.335234552621841]
[ 0.013796061277390] [-0.058692242950201] [ 0.998181164264679] [ 1.267496824264526]
[ 0.000000000000000] [ 0.000000000000000] [ 0.000000000000000] [ 1.000000000000000]

Image: 30
Timestamp: 1769688219_677984237
[ 0.973673343658447] [-0.226544007658958] [-0.025256628170609] [-0.010550552979112]
[ 0.226927310228348] [ 0.973818480968475] [ 0.013472054153681] [-0.335185796022415]
[ 0.021543342620134] [-0.018848761916161] [ 0.999590575695038] [ 1.264114975929260]
[ 0.000000000000000] [ 0.000000000000000] [ 0.000000000000000] [ 1.000000000000000]

Image: 31
Timestamp: 1769688219_710112810
[ 0.975832462310791] [-0.218469664454460] [ 0.004669776186347] [-0.010221438482404]
[ 0.217893317341805] [ 0.974430263042450] [ 0.054846204817295] [-0.333716034889221]
[-0.016532598063350] [-0.052503153681755] [ 0.998484253883362] [ 1.258249998092651]
[ 0.000000000000000] [ 0.000000000000000] [ 0.000000000000000] [ 1.000000000000000]

Image: 32
Timestamp: 1769688219_737086772
[ 0.974693417549133] [-0.223512843251228] [-0.003812772687525] [-0.010746851563454]
[ 0.223378390073776] [ 0.973164319992065] [ 0.055256791412830] [-0.334061533212662]
[-0.008640149608254] [-0.054710086435080] [ 0.998465299606323] [ 1.265397548675537]
[ 0.000000000000000] [ 0.000000000000000] [ 0.000000000000000] [ 1.000000000000000]

Image: 33
Timestamp: 1769688219_776741743
[ 0.974272489547729] [-0.221307441592216] [-0.042615190148354] [-0.011296253651381]
[ 0.222909003496170] [ 0.974121749401093] [ 0.037396721541882] [-0.334610342979431]
[ 0.033236186951399] [-0.045933865010738] [ 0.998391866683960] [ 1.264535069465637]
[ 0.000000000000000] [ 0.000000000000000] [ 0.000000000000000] [ 1.000000000000000]

Image: 34
Timestamp: 1769688219_812105417
[ 0.976421833038330] [-0.214744895696640] [-0.022021682932973] [-0.010155322030187]
[ 0.215692505240440] [ 0.974673509597778] [ 0.059062547981739] [-0.334527909755707]
[ 0.008780553936958] [-0.062419816851616] [ 0.998011827468872] [ 1.264306306838989]
[ 0.000000000000000] [ 0.000000000000000] [ 0.000000000000000] [ 1.000000000000000]

Image: 35
Timestamp: 1769688219_846246719
[ 0.975652217864990] [-0.212352976202965] [-0.054852981120348] [-0.011012483388186]
[ 0.214690148830414] [ 0.975825548171997] [ 0.040899343788624] [-0.335060924291611]
[ 0.044841803610325] [-0.051679871976376] [ 0.997656881809235] [ 1.267641305923462]
[ 0.000000000000000] [ 0.000000000000000] [ 0.000000000000000] [ 1.000000000000000]

Image: 36
Timestamp: 1769688219_872097253
[ 0.975863277912140] [-0.216336771845818] [-0.029818478971720] [-0.010787807404995]
[ 0.217566192150116] [ 0.974904000759125] [ 0.047194086015224] [-0.335674673318863]
[ 0.018860308453441] [-0.052542410790920] [ 0.998440980911255] [ 1.264877319335938]
[ 0.000000000000000] [ 0.000000000000000] [ 0.000000000000000] [ 1.000000000000000]

Image: 37
Timestamp: 1769688219_904062509
[ 0.976050496101379] [-0.217377543449402] [-0.008502466604114] [-0.010382045060396]
[ 0.217529654502869] [ 0.974795758724213] [ 0.049539498984814] [-0.334902942180634]
[-0.002480624243617] [-0.050202537328005] [ 0.998736381530762] [ 1.264645338058472]
[ 0.000000000000000] [ 0.000000000000000] [ 0.000000000000000] [ 1.000000000000000]

Image: 38
Timestamp: 1769688219_940792083
[ 0.974199533462524] [-0.224679246544838] [-0.021313944831491] [-0.010604088194668]
[ 0.225547105073929] [ 0.972576498985291] [ 0.056776490062475] [-0.335752487182617]
[ 0.007972901687026] [-0.060118883848190] [ 0.998159706592560] [ 1.268701195716858]
[ 0.000000000000000] [ 0.000000000000000] [ 0.000000000000000] [ 1.000000000000000]

Image: 39
Timestamp: 1769688219_973226308
[ 0.976992666721344] [-0.212622299790382] [-0.016640700399876] [-0.010867087170482]
[ 0.213245362043381] [ 0.975135147571564] [ 0.060314800590277] [-0.334496885538101]
[ 0.003402627073228] [-0.062475632876158] [ 0.998040974140167] [ 1.259208679199219]
[ 0.000000000000000] [ 0.000000000000000] [ 0.000000000000000] [ 1.000000000000000]

Image: 40
Timestamp: 1769688219_999742507
[ 0.976055562496185] [-0.216643676161766] [-0.019515777006745] [-0.010644751600921]
[ 0.217372670769691] [ 0.974768877029419] [ 0.050743184983730] [-0.333949536085129]
[ 0.008030143566430] [-0.053770326077938] [ 0.998521387577057] [ 1.263575792312622]
[ 0.000000000000000] [ 0.000000000000000] [ 0.000000000000000] [ 1.000000000000000]

Image: 41
Timestamp: 1769688220_027194023
[ 0.975085616111755] [-0.221131622791290] [-0.017567589879036] [-0.010733977891505]
[ 0.221257686614990] [ 0.975199580192566] [ 0.005562193691730] [-0.334216058254242]
[ 0.015901885926723] [-0.009310554713011] [ 0.999830543994904] [ 1.259854555130005]
[ 0.000000000000000] [ 0.000000000000000] [ 0.000000000000000] [ 1.000000000000000]

Image: 42
Timestamp: 1769688220_064256429
[ 0.974218010902405] [-0.225608229637146] [ 0.000019039958715] [-0.010619153268635]
[ 0.225369736552238] [ 0.973191976547241] [ 0.045891724526882] [-0.333031833171844]
[-0.010372113436460] [-0.044704228639603] [ 0.998946785926819] [ 1.263543009757996]
[ 0.000000000000000] [ 0.000000000000000] [ 0.000000000000000] [ 1.000000000000000]

Image: 43
Timestamp: 1769688220_088885545
[ 0.976737916469574] [-0.213117435574532] [-0.023744337260723] [-0.010669544339180]
[ 0.213570743799210] [ 0.976752221584320] [ 0.018518015742302] [-0.334909975528717]
[ 0.019245781004429] [-0.023158336058259] [ 0.999546945095062] [ 1.265535831451416]
[ 0.000000000000000] [ 0.000000000000000] [ 0.000000000000000] [ 1.000000000000000]

Image: 44
Timestamp: 1769688220_115168333
[ 0.974259555339813] [-0.223127752542496] [-0.032125651836395] [-0.010618019849062]
[ 0.223710045218468] [ 0.974527895450592] [ 0.015794558450580] [-0.334698021411896]
[ 0.027783092111349] [-0.022574819624424] [ 0.999359369277954] [ 1.262530803680420]
[ 0.000000000000000] [ 0.000000000000000] [ 0.000000000000000] [ 1.000000000000000]

Image: 45
Timestamp: 1769688220_144210577
[ 0.974395930767059] [-0.222669631242752] [-0.031152026727796] [-0.010631312616169]
[ 0.223479598760605] [ 0.974375724792480] [ 0.025478782132268] [-0.334988236427307]
[ 0.024680377915502] [-0.031788252294064] [ 0.999190211296082] [ 1.264682769775391]
[ 0.000000000000000] [ 0.000000000000000] [ 0.000000000000000] [ 1.000000000000000]

Image: 46
Timestamp: 1769688220_168822288
[ 0.976241052150726] [-0.215760588645935] [-0.020013961941004] [-0.010479919612408]
[ 0.216301739215851] [ 0.975845038890839] [ 0.030664326623082] [-0.335588544607162]
[ 0.012914326041937] [-0.034264802932739] [ 0.999329686164856] [ 1.267858624458313]
[ 0.000000000000000] [ 0.000000000000000] [ 0.000000000000000] [ 1.000000000000000]

Image: 47
Timestamp: 1769688220_194785594
[ 0.976205885410309] [-0.216028258204460] [-0.018804576247931] [-0.010593719780445]
[ 0.216729030013084] [ 0.974846005439758] [ 0.052001170814037] [-0.334984719753265]
[ 0.007097796536982] [-0.054839313030243] [ 0.998470306396484] [ 1.264575123786926]
[ 0.000000000000000] [ 0.000000000000000] [ 0.000000000000000] [ 1.000000000000000]

Image: 48
Timestamp: 1769688220_223031044
[ 0.975704014301300] [-0.217454701662064] [-0.026737831532955] [-0.010268115438521]
[ 0.218771889805794] [ 0.973593533039093] [ 0.065228715538979] [-0.335230320692062]
[ 0.011847431771457] [-0.069493368268013] [ 0.997512340545654] [ 1.265707254409790]
[ 0.000000000000000] [ 0.000000000000000] [ 0.000000000000000] [ 1.000000000000000]

Image: 49
Timestamp: 1769688220_253297328
[ 0.974660634994507] [-0.222535952925682] [-0.022677235305309] [-0.010510344058275]
[ 0.223476395010948] [ 0.973133862018585] [ 0.055398896336555] [-0.334512412548065]
[ 0.009739683941007] [-0.059062916785479] [ 0.998207032680511] [ 1.265834927558899]
[ 0.000000000000000] [ 0.000000000000000] [ 0.000000000000000] [ 1.000000000000000]

Image: 50
Timestamp: 1769688220_284060716
[ 0.974836170673370] [-0.222017049789429] [-0.020068939775229] [-0.010702108033001]
[ 0.222821623086929] [ 0.973145306110382] [ 0.057783473283052] [-0.335880368947983]
[ 0.006701027508825] [-0.060801178216934] [ 0.998127698898315] [ 1.269420385360718]
[ 0.000000000000000] [ 0.000000000000000] [ 0.000000000000000] [ 1.000000000000000]

Image: 51
Timestamp: 1769688220_316815853
[ 0.973914682865143] [-0.225280016660690] [-0.027181951329112] [-0.010777877643704]
[ 0.226396352052689] [ 0.972783148288727] [ 0.049374785274267] [-0.335106879472733]
[ 0.015318946912885] [-0.054240711033344] [ 0.998410642147064] [ 1.263630270957947]
[ 0.000000000000000] [ 0.000000000000000] [ 0.000000000000000] [ 1.000000000000000]

Image: 52
Timestamp: 1769688220_353413105
[ 0.975237429141998] [-0.219166785478592] [-0.029624018818140] [-0.011007088236511]
[ 0.220371171832085] [ 0.974304974079132] [ 0.046546947211027] [-0.334783017635345]
[ 0.018661234527826] [-0.051922589540482] [ 0.998476982116699] [ 1.267618298530579]
[ 0.000000000000000] [ 0.000000000000000] [ 0.000000000000000] [ 1.000000000000000]

Image: 53
Timestamp: 1769688220_383208036
[ 0.974292457103729] [-0.224459365010262] [-0.019283350557089] [-0.010670074261725]
[ 0.224942430853844] [ 0.973962724208832] [ 0.028244134038687] [-0.334538459777832]
[ 0.012441566213965] [-0.031855680048466] [ 0.999415278434753] [ 1.257489204406738]
[ 0.000000000000000] [ 0.000000000000000] [ 0.000000000000000] [ 1.000000000000000]

Image: 54
Timestamp: 1769688220_410412073
[ 0.974081337451935] [-0.224591389298439] [-0.026906047016382] [-0.010922103188932]
[ 0.225447982549667] [ 0.973636150360107] [ 0.034726902842522] [-0.333921760320663]
[ 0.018397293984890] [-0.039892729371786] [ 0.999034762382507] [ 1.267655730247498]
[ 0.000000000000000] [ 0.000000000000000] [ 0.000000000000000] [ 1.000000000000000]

Image: 55
Timestamp: 1769688220_440393209
[ 0.974744021892548] [-0.219630733132362] [-0.040449049323797] [-0.010648279450834]
[ 0.221166685223579] [ 0.974477350711823] [ 0.038460630923510] [-0.335710972547531]
[ 0.030969504266977] [-0.046435225754976] [ 0.998441278934479] [ 1.264943242073059]
[ 0.000000000000000] [ 0.000000000000000] [ 0.000000000000000] [ 1.000000000000000]

Image: 56
Timestamp: 1769688220_468636989
[ 0.975641787052155] [-0.214826315641403] [-0.044412065297365] [-0.010357926599681]
[ 0.217319905757904] [ 0.974120795726776] [ 0.062135554850101] [-0.335117697715759]
[ 0.029914330691099] [-0.070273645222187] [ 0.997079253196716] [ 1.262626290321350]
[ 0.000000000000000] [ 0.000000000000000] [ 0.000000000000000] [ 1.000000000000000]

Image: 57
Timestamp: 1769688220_496081352
[ 0.976829886436462] [-0.213177993893623] [-0.018926713615656] [-0.010523068718612]
[ 0.214016392827034] [ 0.972867190837860] [ 0.087900832295418] [-0.334660142660141]
[-0.000325368717313] [-0.089914754033089] [ 0.995949566364288] [ 1.269680142402649]
[ 0.000000000000000] [ 0.000000000000000] [ 0.000000000000000] [ 1.000000000000000]

Image: 58
Timestamp: 1769688220_523763418
[ 0.976449787616730] [-0.213049158453941] [-0.033992946147919] [-0.010702691972256]
[ 0.214432805776596] [ 0.975737929344177] [ 0.044205680489540] [-0.336058527231216]
[ 0.023750197142363] [-0.050453800708055] [ 0.998444139957428] [ 1.264339447021484]
[ 0.000000000000000] [ 0.000000000000000] [ 0.000000000000000] [ 1.000000000000000]

Image: 59
Timestamp: 1769688220_552908658
[ 0.976850926876068] [-0.211250141263008] [-0.033695075660944] [-0.009873615577817]
[ 0.212965592741966] [ 0.975217401981354] [ 0.059971895068884] [-0.334780693054199]
[ 0.020190931856632] [-0.065759465098381] [ 0.997631371021271] [ 1.264725327491760]
[ 0.000000000000000] [ 0.000000000000000] [ 0.000000000000000] [ 1.000000000000000]

Image: 60
Timestamp: 1769688220_578102350
[ 0.976095318794250] [-0.217332735657692] [ 0.002042986452579] [-0.010480357334018]
[ 0.217175707221031] [ 0.975671648979187] [ 0.029992174357176] [-0.335097223520279]
[-0.008511574938893] [-0.028831511735916] [ 0.999548256397247] [ 1.266134262084961]
[ 0.000000000000000] [ 0.000000000000000] [ 0.000000000000000] [ 1.000000000000000]

Image: 61
Timestamp: 1769688220_606434583
[ 0.975047647953033] [-0.220805108547211] [-0.022953772917390] [-0.010653252713382]
[ 0.221539691090584] [ 0.974451720714569] [ 0.036933656781912] [-0.335439801216125]
[ 0.014212183654308] [-0.041097223758698] [ 0.999054312705994] [ 1.268390417098999]
[ 0.000000000000000] [ 0.000000000000000] [ 0.000000000000000] [ 1.000000000000000]

Image: 62
Timestamp: 1769688220_635509014
[ 0.974896550178528] [-0.221687391400337] [-0.020764071494341] [-0.010427845641971]
[ 0.222455158829689] [ 0.973742783069611] [ 0.048361077904701] [-0.335461050271988]
[ 0.009497805498540] [-0.051766097545624] [ 0.998614311218262] [ 1.266081690788269]
[ 0.000000000000000] [ 0.000000000000000] [ 0.000000000000000] [ 1.000000000000000]

Image: 63
Timestamp: 1769688220_673987150
[ 0.974905014038086] [-0.220324367284775] [-0.031891025602818] [-0.011145754717290]
[ 0.222147524356842] [ 0.972133815288544] [ 0.074876256287098] [-0.334713310003281]
[ 0.014505256898701] [-0.080081723630428] [ 0.996683001518250] [ 1.263960123062134]
[ 0.000000000000000] [ 0.000000000000000] [ 0.000000000000000] [ 1.000000000000000]

Image: 64
Timestamp: 1769688220_709454536
[ 0.973151981830597] [-0.230089381337166] [-0.005800541490316] [-0.009986685588956]
[ 0.230087235569954] [ 0.971879541873932] [ 0.050101421773434] [-0.335729032754898]
[-0.005890388041735] [-0.050090909004211] [ 0.998727560043335] [ 1.268687725067139]
[ 0.000000000000000] [ 0.000000000000000] [ 0.000000000000000] [ 1.000000000000000]

Image: 65
Timestamp: 1769688220_736898660
[ 0.976593315601349] [-0.215054959058762] [-0.004059090744704] [-0.010157679207623]
[ 0.214815616607666] [ 0.974199771881104] [ 0.069203652441502] [-0.334311932325363]
[-0.010928243398666] [-0.068455755710602] [ 0.997594535350800] [ 1.259700655937195]
[ 0.000000000000000] [ 0.000000000000000] [ 0.000000000000000] [ 1.000000000000000]

Image: 66
Timestamp: 1769688220_763911008
[ 0.973425328731537] [-0.228814899921417] [-0.009301552549005] [-0.010384695604444]
[ 0.228962674736977] [ 0.971674740314484] [ 0.058516971766949] [-0.334909617900848]
[-0.004351475741714] [-0.059091590344906] [ 0.998243331909180] [ 1.268448948860168]
[ 0.000000000000000] [ 0.000000000000000] [ 0.000000000000000] [ 1.000000000000000]

Image: 67
Timestamp: 1769688220_794552326
[ 0.972768306732178] [-0.229737877845764] [-0.030691053718328] [-0.010525995865464]
[ 0.230768784880638] [ 0.972349524497986] [ 0.035805895924568] [-0.334835529327393]
[ 0.021616449579597] [-0.041913352906704] [ 0.998887598514557] [ 1.257327556610107]
[ 0.000000000000000] [ 0.000000000000000] [ 0.000000000000000] [ 1.000000000000000]

Image: 68
Timestamp: 1769688220_826876640
[ 0.976654112339020] [-0.213244408369064] [-0.025944862514734] [-0.010423458181322]
[ 0.214344933629036] [ 0.975377142429352] [ 0.051918920129538] [-0.333191424608231]
[ 0.014234608039260] [-0.056267961859703] [ 0.998314440250397] [ 1.266632914543152]
[ 0.000000000000000] [ 0.000000000000000] [ 0.000000000000000] [ 1.000000000000000]

Image: 69
Timestamp: 1769688220_860311269
[ 0.976362407207489] [-0.214998051524162] [-0.022177312523127] [-0.010190737433732]
[ 0.215638130903244] [ 0.975939929485321] [ 0.032270081341267] [-0.335559874773026]
[ 0.014705724082887] [-0.036289557814598] [ 0.999233365058899] [ 1.264843702316284]
[ 0.000000000000000] [ 0.000000000000000] [ 0.000000000000000] [ 1.000000000000000]

Image: 70
Timestamp: 1769688220_897672414
[ 0.975933432579041] [-0.217782065272331] [-0.011155948974192] [-0.010655301623046]
[ 0.218030631542206] [ 0.975433886051178] [ 0.031485244631767] [-0.334585100412369]
[ 0.004024976864457] [-0.033159837126732] [ 0.999442279338837] [ 1.265646457672119]
[ 0.000000000000000] [ 0.000000000000000] [ 0.000000000000000] [ 1.000000000000000]

Image: 71
Timestamp: 1769688220_925989866
[ 0.972915649414062] [-0.230321317911148] [-0.019667141139507] [-0.010678814724088]
[ 0.230945780873299] [ 0.972150206565857] [ 0.039849169552326] [-0.334414541721344]
[ 0.009941287338734] [-0.043311927467585] [ 0.999012470245361] [ 1.259626984596252]
[ 0.000000000000000] [ 0.000000000000000] [ 0.000000000000000] [ 1.000000000000000]

Image: 72
Timestamp: 1769688220_949087381
[ 0.973694205284119] [-0.226273372769356] [-0.026824336498976] [-0.010892227292061]
[ 0.227348983287811] [ 0.972627997398376] [ 0.048032663762569] [-0.334095656871796]
[ 0.015221558511257] [-0.052867617458105] [ 0.998485863208771] [ 1.263638377189636]
[ 0.000000000000000] [ 0.000000000000000] [ 0.000000000000000] [ 1.000000000000000]

Image: 73
Timestamp: 1769688220_985036611
[ 0.977189362049103] [-0.208735182881355] [-0.039118453860283] [-0.010834522545338]
[ 0.210929766297340] [ 0.975368738174438] [ 0.064532354474068] [-0.334755629301071]
[ 0.024684689939022] [-0.071311578154564] [ 0.997148931026459] [ 1.265050768852234]
[ 0.000000000000000] [ 0.000000000000000] [ 0.000000000000000] [ 1.000000000000000]

Image: 74
Timestamp: 1769688221_008492946
[ 0.975562751293182] [-0.217598840594292] [-0.030459543690085] [-0.010764896869659]
[ 0.219279795885086] [ 0.972981393337250] [ 0.072273932397366] [-0.334689974784851]
[ 0.013909790664911] [-0.077186904847622] [ 0.996919929981232] [ 1.262843847274780]
[ 0.000000000000000] [ 0.000000000000000] [ 0.000000000000000] [ 1.000000000000000]

Image: 75
Timestamp: 1769688221_031291723
[ 0.973845660686493] [-0.221775785088539] [-0.049395170062780] [-0.011129702441394]
[ 0.225036576390266] [ 0.971459686756134] [ 0.074997089803219] [-0.334976822137833]
[ 0.031352814286947] [-0.084151290357113] [ 0.995959937572479] [ 1.268582463264465]
[ 0.000000000000000] [ 0.000000000000000] [ 0.000000000000000] [ 1.000000000000000]

Image: 76
Timestamp: 1769688221_062149286
[ 0.975392699241638] [-0.217894285917282] [-0.033628363162279] [-0.010568013414741]
[ 0.219577074050903] [ 0.973803162574768] [ 0.059103474020958] [-0.334635406732559]
[ 0.019869042560458] [-0.065033107995987] [ 0.997685611248016] [ 1.262071490287781]
[ 0.000000000000000] [ 0.000000000000000] [ 0.000000000000000] [ 1.000000000000000]

Image: 77
Timestamp: 1769688221_091806888
[ 0.976389646530151] [-0.215236052870750] [-0.018340477719903] [-0.010152012109756]
[ 0.215738162398338] [ 0.975918471813202] [ 0.032250467687845] [-0.333918660879135]
[ 0.010957302525640] [-0.035445768386126] [ 0.999311864376068] [ 1.262103796005249]
[ 0.000000000000000] [ 0.000000000000000] [ 0.000000000000000] [ 1.000000000000000]

Image: 78
Timestamp: 1769688221_118857145
[ 0.975473821163177] [-0.216383129358292] [-0.040359407663345] [-0.010860559530556]
[ 0.217575326561928] [ 0.975644886493683] [ 0.027892790734768] [-0.334025233983994]
[ 0.033340863883495] [-0.035989895462990] [ 0.998796224594116] [ 1.263965606689453]
[ 0.000000000000000] [ 0.000000000000000] [ 0.000000000000000] [ 1.000000000000000]

Image: 79
Timestamp: 1769688221_141414165
[ 0.973456442356110] [-0.226407364010811] [-0.033496182411909] [-0.010798210278153]
[ 0.228004947304726] [ 0.972053766250610] [ 0.055903300642967] [-0.335203021764755]
[ 0.019903115928173] [-0.062056712806225] [ 0.997874557971954] [ 1.266208887100220]
[ 0.000000000000000] [ 0.000000000000000] [ 0.000000000000000] [ 1.000000000000000]

Image: 80
Timestamp: 1769688221_172207117
[ 0.975650668144226] [-0.219017937779427] [-0.011687891557813] [-0.010602350346744]
[ 0.219328686594963] [ 0.974090754985809] [ 0.055155858397484] [-0.335010230541229]
[-0.000695107504725] [-0.056376345455647] [ 0.998409688472748] [ 1.263660192489624]
[ 0.000000000000000] [ 0.000000000000000] [ 0.000000000000000] [ 1.000000000000000]

Image: 81
Timestamp: 1769688221_202144861
[ 0.976701557636261] [-0.214491620659828] [-0.006863571237773] [-0.010608269833028]
[ 0.214567109942436] [ 0.976618587970734] [ 0.013312552124262] [-0.334807634353638]
[ 0.003847621614113] [-0.014475103467703] [ 0.999888181686401] [ 1.267664551734924]
[ 0.000000000000000] [ 0.000000000000000] [ 0.000000000000000] [ 1.000000000000000]

Image: 82
Timestamp: 1769688221_229997158
[ 0.975108265876770] [-0.220311895012856] [-0.025026855990291] [-0.010116206482053]
[ 0.220900416374207] [ 0.975005269050598] [ 0.023830465972424] [-0.334218740463257]
[ 0.019151141867042] [-0.028765724971890] [ 0.999403059482574] [ 1.258251547813416]
[ 0.000000000000000] [ 0.000000000000000] [ 0.000000000000000] [ 1.000000000000000]

Image: 83
Timestamp: 1769688221_254194498
[ 0.974313020706177] [-0.223360598087311] [-0.028705272823572] [-0.010618508793414]
[ 0.224274978041649] [ 0.973933219909668] [ 0.033985234797001] [-0.335135579109192]
[ 0.020366018638015] [-0.039550125598907] [ 0.999010384082794] [ 1.270955085754395]
[ 0.000000000000000] [ 0.000000000000000] [ 0.000000000000000] [ 1.000000000000000]

Image: 84
Timestamp: 1769688221_289370775
[ 0.975432038307190] [-0.219266682863235] [-0.021316345781088] [-0.010581410489976]
[ 0.220185950398445] [ 0.973471283912659] [ 0.062225792557001] [-0.336580753326416]
[ 0.007106760516763] [-0.065390571951866] [ 0.997834861278534] [ 1.266040325164795]
[ 0.000000000000000] [ 0.000000000000000] [ 0.000000000000000] [ 1.000000000000000]

Image: 85
Timestamp: 1769688221_308671474
[ 0.976276874542236] [-0.213850066065788] [-0.033933106809855] [-0.010016210377216]
[ 0.215223357081413] [ 0.975576996803284] [ 0.043915927410126] [-0.334995150566101]
[ 0.023712879046798] [-0.050177283585072] [ 0.998459219932556] [ 1.263433098793030]
[ 0.000000000000000] [ 0.000000000000000] [ 0.000000000000000] [ 1.000000000000000]

Image: 86
Timestamp: 1769688221_341278314
[ 0.976316630840302] [-0.215162888169289] [-0.022597614675760] [-0.010243519209325]
[ 0.216229200363159] [ 0.973888993263245] [ 0.069176644086838] [-0.334437549114227]
[ 0.007123267278075] [-0.072424553334713] [ 0.997348904609680] [ 1.266637086868286]
[ 0.000000000000000] [ 0.000000000000000] [ 0.000000000000000] [ 1.000000000000000]

Image: 87
Timestamp: 1769688221_368060827
[ 0.975027918815613] [-0.220071613788605] [-0.029813177883625] [-0.009656378068030]
[ 0.221659526228905] [ 0.972641050815582] [ 0.069546490907669] [-0.335457354784012]
[ 0.013692250475287] [-0.074418142437935] [ 0.997133553028107] [ 1.264901757240295]
[ 0.000000000000000] [ 0.000000000000000] [ 0.000000000000000] [ 1.000000000000000]

Image: 88
Timestamp: 1769688221_390392065
[ 0.975416660308838] [-0.218820467591286] [-0.026070805266500] [-0.010044294409454]
[ 0.219942897558212] [ 0.974044203758240] [ 0.053509734570980] [-0.335585057735443]
[ 0.013685031794012] [-0.057928375899792] [ 0.998227417469025] [ 1.265170335769653]
[ 0.000000000000000] [ 0.000000000000000] [ 0.000000000000000] [ 1.000000000000000]

Image: 89
Timestamp: 1769688221_417208671
[ 0.976720333099365] [-0.213925987482071] [-0.015903633087873] [-0.010062697343528]
[ 0.214235141873360] [ 0.976550877094269] [ 0.021258041262627] [-0.335155606269836]
[ 0.010983007028699] [-0.024170286953449] [ 0.999647974967957] [ 1.264475822448730]
[ 0.000000000000000] [ 0.000000000000000] [ 0.000000000000000] [ 1.000000000000000]

Image: 90
Timestamp: 1769688221_446155309
[ 0.977214813232422] [-0.211960211396217] [-0.011135150678456] [-0.010251243598759]
[ 0.212212353944778] [ 0.976706206798553] [ 0.031798720359802] [-0.335058420896530]
[ 0.004135658498853] [-0.033437207341194] [ 0.999432682991028] [ 1.265252828598022]
[ 0.000000000000000] [ 0.000000000000000] [ 0.000000000000000] [ 1.000000000000000]

Image: 91
Timestamp: 1769688221_474503755
[ 0.977108895778656] [-0.208573088049889] [-0.041897628456354] [-0.010478844866157]
[ 0.210916295647621] [ 0.975491523742676] [ 0.062696278095245] [-0.335108876228333]
[ 0.027793958783150] [-0.070097975432873] [ 0.997153282165527] [ 1.266336441040039]
[ 0.000000000000000] [ 0.000000000000000] [ 0.000000000000000] [ 1.000000000000000]

Image: 92
Timestamp: 1769688221_512941122
[ 0.976327240467072] [-0.212252303957939] [-0.041642665863037] [-0.010404098778963]
[ 0.215006530284882] [ 0.973352372646332] [ 0.079735107719898] [-0.334974437952042]
[ 0.023608971387148] [-0.086800992488861] [ 0.995946347713470] [ 1.265599250793457]
[ 0.000000000000000] [ 0.000000000000000] [ 0.000000000000000] [ 1.000000000000000]

Image: 93
Timestamp: 1769688221_541942119
[ 0.976434350013733] [-0.211008310317993] [-0.045292891561985] [-0.010026421397924]
[ 0.213644519448280] [ 0.974776387214661] [ 0.064554981887341] [-0.335305303335190]
[ 0.030528739094734] [-0.072710275650024] [ 0.996886193752289] [ 1.268590211868286]
[ 0.000000000000000] [ 0.000000000000000] [ 0.000000000000000] [ 1.000000000000000]

Image: 94
Timestamp: 1769688221_574492931
[ 0.976827442646027] [-0.206336647272110] [-0.056862905621529] [-0.010411704890430]
[ 0.210305556654930] [ 0.974679350852966] [ 0.075974203646183] [-0.336282998323441]
[ 0.039746765047312] [-0.086172260344028] [ 0.995487570762634] [ 1.271922945976257]
[ 0.000000000000000] [ 0.000000000000000] [ 0.000000000000000] [ 1.000000000000000]

Image: 95
Timestamp: 1769688221_605692148
[ 0.976575672626495] [-0.207019299268723] [-0.058676905930042] [-0.010692403651774]
[ 0.211207285523415] [ 0.974363863468170] [ 0.077504537999630] [-0.335181266069412]
[ 0.041127644479275] [-0.088082022964954] [ 0.995264291763306] [ 1.262378931045532]
[ 0.000000000000000] [ 0.000000000000000] [ 0.000000000000000] [ 1.000000000000000]

Image: 96
Timestamp: 1769688221_638628721
[ 0.976230859756470] [-0.213886708021164] [-0.035011537373066] [-0.010100581683218]
[ 0.215996295213699] [ 0.973444223403931] [ 0.075844474136829] [-0.334399580955505]
[ 0.017859589308500] [-0.081604063510895] [ 0.996505200862885] [ 1.262191057205200]
[ 0.000000000000000] [ 0.000000000000000] [ 0.000000000000000] [ 1.000000000000000]

Image: 97
Timestamp: 1769688221_678067445
[ 0.973443686962128] [-0.227552413940430] [-0.025046434253454] [-0.010507513768971]
[ 0.228001371026039] [ 0.973516225814819] [ 0.016788013279438] [-0.335816681385040]
[ 0.020562898367643] [-0.022052809596062] [ 0.999545693397522] [ 1.265617370605469]
[ 0.000000000000000] [ 0.000000000000000] [ 0.000000000000000] [ 1.000000000000000]

Image: 98
Timestamp: 1769688221_711205482
[ 0.973156273365021] [-0.227835744619370] [-0.032521568238735] [-0.010044997557998]
[ 0.228434905409813] [ 0.973427414894104] [ 0.016028057783842] [-0.334963619709015]
[ 0.028005557134748] [-0.023026866838336] [ 0.999342858791351] [ 1.257079720497131]
[ 0.000000000000000] [ 0.000000000000000] [ 0.000000000000000] [ 1.000000000000000]

Image: 99
Timestamp: 1769688221_743986606
[ 0.975604057312012] [-0.217575833201408] [-0.029279831796885] [-0.010176570154727]
[ 0.218319565057755] [ 0.975553214550018] [ 0.025157824158669] [-0.334486484527588]
[ 0.023090224713087] [-0.030936429277062] [ 0.999254941940308] [ 1.262453198432922]
[ 0.000000000000000] [ 0.000000000000000] [ 0.000000000000000] [ 1.000000000000000]

Image: 100
Timestamp: 1769688221_779634714
[ 0.976002395153046] [-0.215271666646004] [-0.032822567969561] [-0.010179203003645]
[ 0.216505974531174] [ 0.975447773933411] [ 0.040339075028896] [-0.334943145513535]
[ 0.023332761600614] [-0.046477306634188] [ 0.998647153377533] [ 1.263564348220825]
[ 0.000000000000000] [ 0.000000000000000] [ 0.000000000000000] [ 1.000000000000000]

Image: 101
Timestamp: 1769688221_814570903
[ 0.975548505783081] [-0.218242019414902] [-0.025986202061176] [-0.010295929387212]
[ 0.218960314989090] [ 0.975301921367645] [ 0.029034983366728] [-0.333747804164886]
[ 0.019007675349712] [-0.034014973789454] [ 0.999240875244141] [ 1.259410142898560]
[ 0.000000000000000] [ 0.000000000000000] [ 0.000000000000000] [ 1.000000000000000]

Image: 102
Timestamp: 1769688221_841339349
[ 0.973956346511841] [-0.225210368633270] [-0.026250649243593] [-0.009931416250765]
[ 0.225723177194595] [ 0.974015831947327] [ 0.018513940274715] [-0.333861678838730]
[ 0.021398942917585] [-0.023957140743732] [ 0.999484300613403] [ 1.261700153350830]
[ 0.000000000000000] [ 0.000000000000000] [ 0.000000000000000] [ 1.000000000000000]

Image: 103
Timestamp: 1769688221_883299350
[ 0.970602869987488] [-0.238711595535278] [-0.030768705531955] [-0.011378936469555]
[ 0.239310026168823] [ 0.970786690711975] [ 0.017450664192438] [-0.331537693738937]
[ 0.025704095140100] [-0.024300899356604] [ 0.999374508857727] [ 1.258400201797485]
[ 0.000000000000000] [ 0.000000000000000] [ 0.000000000000000] [ 1.000000000000000]

Image: 104
Timestamp: 1769688221_920492887
[ 0.968160152435303] [-0.248746931552887] [-0.028120122849941] [-0.012055888772011]
[ 0.249708369374275] [ 0.967558860778809] [ 0.038420602679253] [-0.330643683671951]
[ 0.017650771886110] [-0.044219095259905] [ 0.998866200447083] [ 1.264957904815674]
[ 0.000000000000000] [ 0.000000000000000] [ 0.000000000000000] [ 1.000000000000000]

Image: 105
Timestamp: 1769688221_954288244
[ 0.967530548572540] [-0.252538949251175] [-0.010424053296447] [-0.012640981934965]
[ 0.252750575542450] [ 0.966911613941193] [ 0.034636922180653] [-0.328031837940216]
[ 0.001331880688667] [-0.036146942526102] [ 0.999345898628235] [ 1.260359048843384]
[ 0.000000000000000] [ 0.000000000000000] [ 0.000000000000000] [ 1.000000000000000]

Image: 106
Timestamp: 1769688221_994556188
[ 0.967404007911682] [-0.252526432275772] [ 0.018966209143400] [-0.013423250988126]
