Image: 1
Timestamp: 1769688172_138830423
[-0.997052490711212] [ 0.004885696806014] [ 0.076567679643631] [-0.073109708726406]
[ 0.003215577453375] [-0.994432508945465] [ 0.105326622724533] [-0.076768822968006]
[ 0.076655961573124] [ 0.105262421071529] [ 0.991485655307770] [ 1.239802956581116]
[ 0.000000000000000] [ 0.000000000000000] [ 0.000000000000000] [ 1.000000000000000]

Image: 2
Timestamp: 1769688172_238033771
[-0.997298955917358] [ 0.001627753837965] [ 0.073432527482510] [-0.073305025696754]
[ 0.005697016604245] [-0.995028436183929] [ 0.099428772926331] [-0.076616138219833]
[ 0.073229268193245] [ 0.099578596651554] [ 0.992331385612488] [ 1.240351319313049]
[ 0.000000000000000] [ 0.000000000000000] [ 0.000000000000000] [ 1.000000000000000]

Image: 3
Timestamp: 1769688172_266275882
[-0.998829662799835] [ 0.002473665168509] [ 0.048305075615644] [-0.072815224528313]
[ 0.002832032507285] [-0.993987202644348] [ 0.109460949897766] [-0.075996749103069]
[ 0.048285350203514] [ 0.109469681978226] [ 0.992816627025604] [ 1.236153483390808]
[ 0.000000000000000] [ 0.000000000000000] [ 0.000000000000000] [ 1.000000000000000]

Image: 4
Timestamp: 1769688172_292400836
[-0.997982800006866] [ 0.005809309426695] [ 0.063219770789146] [-0.073691911995411]
[ 0.000277998216916] [-0.995395302772522] [ 0.095856606960297] [-0.076989129185677]
[ 0.063485465943813] [ 0.095680847764015] [ 0.993385434150696] [ 1.247446060180664]
[ 0.000000000000000] [ 0.000000000000000] [ 0.000000000000000] [ 1.000000000000000]

Image: 5
Timestamp: 1769688172_318289041
[-0.999041020870209] [-0.002886251080781] [ 0.043690405786037] [-0.072973355650902]
[ 0.007069622166455] [-0.995365858078003] [ 0.095902159810066] [-0.076525621116161]
[ 0.043211087584496] [ 0.096119105815887] [ 0.994431376457214] [ 1.238912105560303]
[ 0.000000000000000] [ 0.000000000000000] [ 0.000000000000000] [ 1.000000000000000]

Image: 6
Timestamp: 1769688172_344189882
[-0.998973727226257] [ 0.000594697077759] [ 0.045292150229216] [-0.073286622762680]
[ 0.004282963927835] [-0.994193792343140] [ 0.107520796358585] [-0.076733902096748]
[ 0.045093066990376] [ 0.107604481279850] [ 0.993170499801636] [ 1.245787382125854]
[ 0.000000000000000] [ 0.000000000000000] [ 0.000000000000000] [ 1.000000000000000]

Image: 7
Timestamp: 1769688172_369990587
[-0.998983144760132] [-0.003932997584343] [ 0.044915955513716] [-0.072987444698811]
[ 0.008784132078290] [-0.994076788425446] [ 0.108325310051441] [-0.076271519064903]
[ 0.044223811477423] [ 0.108609750866890] [ 0.993100166320801] [ 1.237571954727173]
[ 0.000000000000000] [ 0.000000000000000] [ 0.000000000000000] [ 1.000000000000000]

Image: 8
Timestamp: 1769688172_395880699
[-0.999121725559235] [-0.003224703483284] [ 0.041780766099691] [-0.073070786893368]
[ 0.008686065673828] [-0.991317570209503] [ 0.131202980875969] [-0.076210901141167]
[ 0.040994863957167] [ 0.131450712680817] [ 0.990474641323090] [ 1.238711595535278]
[ 0.000000000000000] [ 0.000000000000000] [ 0.000000000000000] [ 1.000000000000000]

Image: 9
Timestamp: 1769688172_421634674
[-0.999078869819641] [-0.002900531049818] [ 0.042816229164600] [-0.073121167719364]
[ 0.008778920397162] [-0.990427672863007] [ 0.137753754854202] [-0.076249897480011]
[ 0.042006768286228] [ 0.138002797961235] [ 0.989540576934814] [ 1.240935206413269]
[ 0.000000000000000] [ 0.000000000000000] [ 0.000000000000000] [ 1.000000000000000]

Image: 10
Timestamp: 1769688172_474637031
[-0.999277889728546] [-0.006118279416114] [ 0.037503365427256] [-0.073084145784378]
[ 0.011373630724847] [-0.989863634109497] [ 0.141565665602684] [-0.076270483434200]
[ 0.036257028579712] [ 0.141890019178391] [ 0.989218115806580] [ 1.242211580276489]
[ 0.000000000000000] [ 0.000000000000000] [ 0.000000000000000] [ 1.000000000000000]

Image: 11
Timestamp: 1769688172_496338367
[-0.999534189701080] [-0.005986249540001] [ 0.029928540810943] [-0.072897650301456]
[ 0.009982276707888] [-0.990766644477844] [ 0.135211303830147] [-0.076047927141190]
[ 0.028842736035585] [ 0.135447114706039] [ 0.990364551544189] [ 1.241865634918213]
[ 0.000000000000000] [ 0.000000000000000] [ 0.000000000000000] [ 1.000000000000000]

Image: 12
Timestamp: 1769688172_527339220
[-0.999813139438629] [-0.007322639226913] [ 0.017895460128784] [-0.073699966073036]
[ 0.009596440941095] [-0.991404771804810] [ 0.130478993058205] [-0.076546743512154]
[ 0.016786139458418] [ 0.130626380443573] [ 0.991289496421814] [ 1.242460966110229]
[ 0.000000000000000] [ 0.000000000000000] [ 0.000000000000000] [ 1.000000000000000]

Image: 13
Timestamp: 1769688172_556428432
[-0.999058663845062] [ 0.000892408424988] [ 0.043373309075832] [-0.073088087141514]
[ 0.004824925214052] [-0.991300106048584] [ 0.131533876061440] [-0.076712861657143]
[ 0.043113291263580] [ 0.131619349122047] [ 0.990362286567688] [ 1.244553923606873]
[ 0.000000000000000] [ 0.000000000000000] [ 0.000000000000000] [ 1.000000000000000]

Image: 14
Timestamp: 1769688172_583576679
[-0.998377263545990] [-0.003290329128504] [ 0.056853517889977] [-0.073190346360207]
[ 0.010920524597168] [-0.990863680839539] [ 0.134425625205040] [-0.076144553720951]
[ 0.055891726166010] [ 0.134828358888626] [ 0.989291310310364] [ 1.242255210876465]
[ 0.000000000000000] [ 0.000000000000000] [ 0.000000000000000] [ 1.000000000000000]

Image: 15
Timestamp: 1769688172_608766317
[-0.999371528625488] [ 0.000722101889551] [ 0.035443384200335] [-0.073246076703072]
[ 0.004622696898878] [-0.988601684570312] [ 0.150484800338745] [-0.076442226767540]
[ 0.035147998481989] [ 0.150554075837135] [ 0.987976729869843] [ 1.241874933242798]
[ 0.000000000000000] [ 0.000000000000000] [ 0.000000000000000] [ 1.000000000000000]

Image: 16
Timestamp: 1769688172_639851808
[-0.999313950538635] [-0.001308965496719] [ 0.037015359848738] [-0.073632583022118]
[ 0.006724985782057] [-0.989176571369171] [ 0.146577060222626] [-0.076736897230148]
[ 0.036422807723284] [ 0.146725431084633] [ 0.988506436347961] [ 1.247491121292114]
[ 0.000000000000000] [ 0.000000000000000] [ 0.000000000000000] [ 1.000000000000000]

Image: 17
Timestamp: 1769688172_665024280
[-0.998796880245209] [-0.003886577440426] [ 0.048888154327869] [-0.073188602924347]
[ 0.009910658001900] [-0.992283880710602] [ 0.123591512441635] [-0.076091215014458]
[ 0.048030517995358] [ 0.123927317559719] [ 0.991128146648407] [ 1.242100238800049]
[ 0.000000000000000] [ 0.000000000000000] [ 0.000000000000000] [ 1.000000000000000]

Image: 18
Timestamp: 1769688172_691953659
[-0.998298585414886] [ 0.002562363632023] [ 0.058255836367607] [-0.072873458266258]
[ 0.004297059495002] [-0.993085443973541] [ 0.117317080497742] [-0.076374240219593]
[ 0.058153569698334] [ 0.117367789149284] [ 0.991384327411652] [ 1.236150503158569]
[ 0.000000000000000] [ 0.000000000000000] [ 0.000000000000000] [ 1.000000000000000]

Image: 19
Timestamp: 1769688172_717474222
[-0.997906684875488] [ 0.005226480308920] [ 0.064461506903172] [-0.072619162499905]
[ 0.002673986600712] [-0.992542743682861] [ 0.121869623661041] [-0.075953923165798]
[ 0.064617685973644] [ 0.121786862611771] [ 0.990450561046600] [ 1.242169380187988]
[ 0.000000000000000] [ 0.000000000000000] [ 0.000000000000000] [ 1.000000000000000]

Image: 20
Timestamp: 1769688172_753140211
[-0.998541831970215] [-0.002557135652751] [ 0.053926095366478] [-0.073440261185169]
[ 0.009313265793025] [-0.992061614990234] [ 0.125409662723541] [-0.076241642236710]
[ 0.053177252411842] [ 0.125729009509087] [ 0.990638256072998] [ 1.247001290321350]
[ 0.000000000000000] [ 0.000000000000000] [ 0.000000000000000] [ 1.000000000000000]

Image: 21
Timestamp: 1769688172_776392698
[-0.998858273029327] [-0.003948974888772] [ 0.047612719237804] [-0.073745451867580]
[ 0.008773353882134] [-0.994792342185974] [ 0.101547256112099] [-0.076835490763187]
[ 0.046963691711426] [ 0.101849019527435] [ 0.993690609931946] [ 1.246963739395142]
[ 0.000000000000000] [ 0.000000000000000] [ 0.000000000000000] [ 1.000000000000000]

Image: 22
Timestamp: 1769688172_800626993
[-0.999622523784637] [-0.008192624896765] [ 0.026233686134219] [-0.073535479605198]
[ 0.010816069319844] [-0.994779288768768] [ 0.101478263735771] [-0.076732948422432]
[ 0.025265285745263] [ 0.101723670959473] [ 0.994491755962372] [ 1.241798281669617]
[ 0.000000000000000] [ 0.000000000000000] [ 0.000000000000000] [ 1.000000000000000]

Image: 23
Timestamp: 1769688172_824189186
[-0.999267518520355] [-0.009155252948403] [ 0.037161909043789] [-0.072688840329647]
[ 0.013507907278836] [-0.992847740650177] [ 0.118623599410057] [-0.076112426817417]
[ 0.035810023546219] [ 0.119038671255112] [ 0.992243587970734] [ 1.236608743667603]
[ 0.000000000000000] [ 0.000000000000000] [ 0.000000000000000] [ 1.000000000000000]

Image: 24
Timestamp: 1769688172_857314586
[-0.999376475811005] [-0.003956597298384] [ 0.035091757774353] [-0.073274053633213]
[ 0.008353213779628] [-0.991989672183990] [ 0.126044988632202] [-0.075867526233196]
[ 0.034311890602112] [ 0.126259520649910] [ 0.991403639316559] [ 1.240094423294067]
[ 0.000000000000000] [ 0.000000000000000] [ 0.000000000000000] [ 1.000000000000000]

Image: 25
Timestamp: 1769688172_879474639
[-0.999404668807983] [-0.006403205450624] [ 0.033907063305378] [-0.073716156184673]
[ 0.011060379445553] [-0.990230500698090] [ 0.139003112912178] [-0.076708905398846]
[ 0.032685682177544] [ 0.139295384287834] [ 0.989711284637451] [ 1.246191382408142]
[ 0.000000000000000] [ 0.000000000000000] [ 0.000000000000000] [ 1.000000000000000]

Image: 26
Timestamp: 1769688172_904578208
[-0.999353229999542] [-0.004979403223842] [ 0.035617630928755] [-0.073434069752693]
[ 0.010075685568154] [-0.989472329616547] [ 0.144373103976250] [-0.076362401247025]
[ 0.034523710608482] [ 0.144638597965240] [ 0.988882064819336] [ 1.243191003799438]
[ 0.000000000000000] [ 0.000000000000000] [ 0.000000000000000] [ 1.000000000000000]

Image: 27
Timestamp: 1769688172_928019046
[-0.998960912227631] [-0.003298569237813] [ 0.045458734035492] [-0.073397256433964]
[ 0.010208291932940] [-0.988232314586639] [ 0.152621060609818] [-0.076291315257549]
[ 0.044420301914215] [ 0.152926534414291] [ 0.987238705158234] [ 1.241679549217224]
[ 0.000000000000000] [ 0.000000000000000] [ 0.000000000000000] [ 1.000000000000000]

Image: 28
Timestamp: 1769688172_961648702
[-0.999502897262573] [-0.006313449237496] [ 0.030893724411726] [-0.073653988540173]
[ 0.010748993605375] [-0.989286661148071] [ 0.145591825246811] [-0.075846582651138]
[ 0.029643503949046] [ 0.145851522684097] [ 0.988862216472626] [ 1.235964179039001]
[ 0.000000000000000] [ 0.000000000000000] [ 0.000000000000000] [ 1.000000000000000]

Image: 29
Timestamp: 1769688172_984967470
[-0.999651014804840] [-0.004947194829583] [ 0.025956232100725] [-0.073825366795063]
[ 0.008633279241621] [-0.989556789398193] [ 0.143887162208557] [-0.076512925326824]
[ 0.024973265826702] [ 0.144061028957367] [ 0.989253580570221] [ 1.245910525321960]
[ 0.000000000000000] [ 0.000000000000000] [ 0.000000000000000] [ 1.000000000000000]

Image: 30
Timestamp: 1769688173_010839462
[-0.999245166778564] [-0.005710127763450] [ 0.038428463041782] [-0.072896093130112]
[ 0.010670983232558] [-0.991436243057251] [ 0.130157157778740] [-0.076735287904739]
[ 0.037356093525887] [ 0.130468979477882] [ 0.990748345851898] [ 1.243060350418091]
[ 0.000000000000000] [ 0.000000000000000] [ 0.000000000000000] [ 1.000000000000000]

Image: 31
Timestamp: 1769688173_042254924
[-0.999181985855103] [-0.004514003638178] [ 0.040190625935793] [-0.073246918618679]
[ 0.010363115929067] [-0.989150404930115] [ 0.146542698144913] [-0.076457329094410]
[ 0.039093013852835] [ 0.146839320659637] [ 0.988387405872345] [ 1.247495651245117]
[ 0.000000000000000] [ 0.000000000000000] [ 0.000000000000000] [ 1.000000000000000]

Image: 32
Timestamp: 1769688173_068718671
[-0.999433398246765] [-0.009680903516710] [ 0.032239999622107] [-0.073731467127800]
[ 0.014466961845756] [-0.988320171833038] [ 0.151705652475357] [-0.076651148498058]
[ 0.030394721776247] [ 0.152086094021797] [ 0.987899601459503] [ 1.243916749954224]
[ 0.000000000000000] [ 0.000000000000000] [ 0.000000000000000] [ 1.000000000000000]

Image: 33
Timestamp: 1769688173_095454692
[-0.999378859996796] [-0.010081694461405] [ 0.033770896494389] [-0.073075644671917]
[ 0.014584958553314] [-0.990618050098419] [ 0.135881841182709] [-0.076263889670372]
[ 0.032084066420794] [ 0.136289983987808] [ 0.990149080753326] [ 1.237849831581116]
[ 0.000000000000000] [ 0.000000000000000] [ 0.000000000000000] [ 1.000000000000000]

Image: 34
Timestamp: 1769688173_121333360
[-0.999609649181366] [-0.010562731884420] [ 0.025865864008665] [-0.073687896132469]
[ 0.014190847054124] [-0.989421546459198] [ 0.144375383853912] [-0.076193653047085]
[ 0.024067174643278] [ 0.144686102867126] [ 0.989184558391571] [ 1.242823004722595]
[ 0.000000000000000] [ 0.000000000000000] [ 0.000000000000000] [ 1.000000000000000]

Image: 35
Timestamp: 1769688173_163389921
[-0.999407708644867] [-0.006705051753670] [ 0.033753607422113] [-0.073130860924721]
[ 0.010760507546365] [-0.992540299892426] [ 0.121444150805473] [-0.075891844928265]
[ 0.032687455415726] [ 0.121735416352749] [ 0.992023825645447] [ 1.241627097129822]
[ 0.000000000000000] [ 0.000000000000000] [ 0.000000000000000] [ 1.000000000000000]

Image: 36
Timestamp: 1769688173_188802480
[-0.999602138996124] [-0.007664201315492] [ 0.027145382016897] [-0.073766402900219]
[ 0.010792856104672] [-0.993066787719727] [ 0.117057539522648] [-0.076634064316750]
[ 0.026059955358505] [ 0.117303922772408] [ 0.992753684520721] [ 1.244070053100586]
[ 0.000000000000000] [ 0.000000000000000] [ 0.000000000000000] [ 1.000000000000000]

Image: 37
Timestamp: 1769688173_217982292
[-0.999692559242249] [-0.007317976094782] [ 0.023693270981312] [-0.073268711566925]
[ 0.009804893285036] [-0.994252502918243] [ 0.106613405048847] [-0.076471425592899]
[ 0.022776825353503] [ 0.106812901794910] [ 0.994017720222473] [ 1.243021368980408]
[ 0.000000000000000] [ 0.000000000000000] [ 0.000000000000000] [ 1.000000000000000]

Image: 38
Timestamp: 1769688173_250157117
[-0.999108552932739] [-0.001985421869904] [ 0.042169615626335] [-0.073667988181114]
[ 0.006844964809716] [-0.993294596672058] [ 0.115410536527634] [-0.077084809541702]
[ 0.041657641530037] [ 0.115596279501915] [ 0.992421865463257] [ 1.248730778694153]
[ 0.000000000000000] [ 0.000000000000000] [ 0.000000000000000] [ 1.000000000000000]

Image: 39
Timestamp: 1769688173_273641586
[-0.998427212238312] [ 0.002993210684508] [ 0.055983848869801] [-0.073301389813423]
[ 0.004055764526129] [-0.992101371288300] [ 0.125375598669052] [-0.076243430376053]
[ 0.055916860699654] [ 0.125405445694923] [ 0.990527987480164] [ 1.235689401626587]
[ 0.000000000000000] [ 0.000000000000000] [ 0.000000000000000] [ 1.000000000000000]

Image: 40
Timestamp: 1769688173_300292968
[-0.999692022800446] [-0.005277587100863] [ 0.024251002818346] [-0.073762647807598]
[ 0.008261815644801] [-0.992165625095367] [ 0.124658346176147] [-0.076393678784370]
[ 0.023403037339449] [ 0.124820291996002] [ 0.991902768611908] [ 1.246591329574585]
[ 0.000000000000000] [ 0.000000000000000] [ 0.000000000000000] [ 1.000000000000000]

Image: 41
Timestamp: 1769688173_326757431
[-0.999419093132019] [-0.007211003452539] [ 0.033309578895569] [-0.072933286428452]
[ 0.012106064707041] [-0.988735377788544] [ 0.149185821413994] [-0.076072715222836]
[ 0.031858503818512] [ 0.149502411484718] [ 0.988247454166412] [ 1.236332535743713]
[ 0.000000000000000] [ 0.000000000000000] [ 0.000000000000000] [ 1.000000000000000]

Image: 42
Timestamp: 1769688173_360955953
[-0.999139964580536] [-0.001856101676822] [ 0.041422720998526] [-0.072633355855942]
[ 0.008062958717346] [-0.988625288009644] [ 0.150185436010361] [-0.075983457267284]
[ 0.040672719478607] [ 0.150390267372131] [ 0.987789213657379] [ 1.238870143890381]
[ 0.000000000000000] [ 0.000000000000000] [ 0.000000000000000] [ 1.000000000000000]

Image: 43
Timestamp: 1769688173_390927791
[-0.999413967132568] [ 0.000001302803867] [ 0.034229654818773] [-0.073810540139675]
[ 0.004750215914100] [-0.990318715572357] [ 0.138733297586441] [-0.076621256768703]
[ 0.033898383378983] [ 0.138814598321915] [ 0.989737629890442] [ 1.247770786285400]
[ 0.000000000000000] [ 0.000000000000000] [ 0.000000000000000] [ 1.000000000000000]

Image: 44
Timestamp: 1769688173_417695045
[-0.998911023139954] [ 0.003517693374306] [ 0.046522147953510] [-0.073227211833000]
[ 0.002935295691714] [-0.990439653396606] [ 0.137917742133141] [-0.076029658317566]
[ 0.046562470495701] [ 0.137904107570648] [ 0.989350140094757] [ 1.241923213005066]
[ 0.000000000000000] [ 0.000000000000000] [ 0.000000000000000] [ 1.000000000000000]

Image: 45
Timestamp: 1769688173_455283164
[-0.999462306499481] [-0.001609507715330] [ 0.032749053090811] [-0.073297642171383]
[ 0.005523290019482] [-0.992786049842834] [ 0.119774714112282] [-0.076366961002350]
[ 0.032319959253073] [ 0.119891166687012] [ 0.992260515689850] [ 1.239650011062622]
[ 0.000000000000000] [ 0.000000000000000] [ 0.000000000000000] [ 1.000000000000000]

Image: 46
Timestamp: 1769688173_482975721
[-0.999886989593506] [-0.011546649038792] [ 0.009632986038923] [-0.072851784527302]
[ 0.012563047930598] [-0.993496417999268] [ 0.113171122968197] [-0.076458141207695]
[ 0.008263519033790] [ 0.113279335200787] [ 0.993528604507446] [ 1.239671587944031]
[ 0.000000000000000] [ 0.000000000000000] [ 0.000000000000000] [ 1.000000000000000]

Image: 47
Timestamp: 1769688173_508277654
[-0.999944627285004] [-0.004229838028550] [ 0.009640404954553] [-0.073091618716717]
[ 0.005512573756278] [-0.990529477596283] [ 0.137192413210869] [-0.075884573161602]
[ 0.008968722075224] [ 0.137237951159477] [ 0.990497350692749] [ 1.239758014678955]
[ 0.000000000000000] [ 0.000000000000000] [ 0.000000000000000] [ 1.000000000000000]

Image: 48
Timestamp: 1769688173_534258127
[-0.999743580818176] [-0.005674744956195] [ 0.021925685927272] [-0.072753190994263]
[ 0.008818182162941] [-0.989237487316132] [ 0.146055161952972] [-0.076901741325855]
[ 0.020860806107521] [ 0.146211057901382] [ 0.989033281803131] [ 1.242333292961121]
[ 0.000000000000000] [ 0.000000000000000] [ 0.000000000000000] [ 1.000000000000000]

Image: 49
Timestamp: 1769688173_565925598
[-0.999108672142029] [-0.002391000511125] [ 0.042144998908043] [-0.073000907897949]
[ 0.008848322555423] [-0.988076925277710] [ 0.153708189725876] [-0.076589792966843]
[ 0.041274908930063] [ 0.153944104909897] [ 0.987216889858246] [ 1.242695212364197]
[ 0.000000000000000] [ 0.000000000000000] [ 0.000000000000000] [ 1.000000000000000]

Image: 50
Timestamp: 1769688173_592661142
[-0.999493777751923] [-0.005361894145608] [ 0.031362485140562] [-0.073126830160618]
[ 0.010095498524606] [-0.988207638263702] [ 0.152788043022156] [-0.076211921870708]
[ 0.030173337087035] [ 0.153027325868607] [ 0.987761020660400] [ 1.243387460708618]
[ 0.000000000000000] [ 0.000000000000000] [ 0.000000000000000] [ 1.000000000000000]

Image: 51
Timestamp: 1769688173_617997646
[-0.999021172523499] [-0.003775812219828] [ 0.044076468795538] [-0.073112078011036]
[ 0.009325519204140] [-0.991936206817627] [ 0.126396611332893] [-0.076569698750973]
[ 0.043243713676929] [ 0.126683905720711] [ 0.990999877452850] [ 1.240504264831543]
[ 0.000000000000000] [ 0.000000000000000] [ 0.000000000000000] [ 1.000000000000000]

Image: 52
Timestamp: 1769688173_645905494
[-0.999603867530823] [-0.005088799633086] [ 0.027686823159456] [-0.073660850524902]
[ 0.008474118076265] [-0.992300033569336] [ 0.123569227755070] [-0.077137254178524]
[ 0.026844732463360] [ 0.123754873871803] [ 0.991949439048767] [ 1.248575448989868]
[ 0.000000000000000] [ 0.000000000000000] [ 0.000000000000000] [ 1.000000000000000]

Image: 53
Timestamp: 1769688173_672821760
[-0.999516248703003] [-0.001597626600415] [ 0.031065819784999] [-0.073488816618919]
[ 0.005334705114365] [-0.992688119411469] [ 0.120591543614864] [-0.076533637940884]
[ 0.030645923689008] [ 0.120698899030685] [ 0.992215812206268] [ 1.240588307380676]
[ 0.000000000000000] [ 0.000000000000000] [ 0.000000000000000] [ 1.000000000000000]

Image: 54
Timestamp: 1769688173_698085546
[-0.999132037162781] [ 0.001448631519452] [ 0.041633732616901] [-0.072992630302906]
[ 0.003439845284447] [-0.993113636970520] [ 0.117107018828392] [-0.076322168111801]
[ 0.041516587138176] [ 0.117148563265800] [ 0.992246091365814] [ 1.241130709648132]
[ 0.000000000000000] [ 0.000000000000000] [ 0.000000000000000] [ 1.000000000000000]

Image: 55
Timestamp: 1769688173_726089239
[-0.999235093593597] [ 0.003386924974620] [ 0.038962271064520] [-0.072879381477833]
[ 0.001639701193199] [-0.991738915443420] [ 0.128264427185059] [-0.075773395597935]
[ 0.039074737578630] [ 0.128230184316635] [ 0.990974247455597] [ 1.241313219070435]
[ 0.000000000000000] [ 0.000000000000000] [ 0.000000000000000] [ 1.000000000000000]

Image: 56
Timestamp: 1769688173_754335403
[-0.999736011028290] [-0.004448175430298] [ 0.022547841072083] [-0.073674187064171]
[ 0.007013040594757] [-0.993342399597168] [ 0.114988222718239] [-0.077346473932266]
[ 0.021886145696044] [ 0.115115985274315] [ 0.993110835552216] [ 1.246556878089905]
[ 0.000000000000000] [ 0.000000000000000] [ 0.000000000000000] [ 1.000000000000000]

Image: 57
Timestamp: 1769688173_778379917
[-0.999379217624664] [ 0.001752117648721] [ 0.035190649330616] [-0.072723880410194]
[ 0.002467368729413] [-0.992830693721771] [ 0.119506105780602] [-0.076317287981510]
[ 0.035147655755281] [ 0.119518734514713] [ 0.992209494113922] [ 1.241634845733643]
[ 0.000000000000000] [ 0.000000000000000] [ 0.000000000000000] [ 1.000000000000000]

Image: 58
Timestamp: 1769688173_805762767
[-0.998980224132538] [-0.002301693893969] [ 0.045094467699528] [-0.073286555707455]
[ 0.007767789997160] [-0.992571115493774] [ 0.121420413255692] [-0.076479084789753]
[ 0.044479906558990] [ 0.121646843850613] [ 0.991576194763184] [ 1.244360327720642]
[ 0.000000000000000] [ 0.000000000000000] [ 0.000000000000000] [ 1.000000000000000]

Image: 59
Timestamp: 1769688173_830696344
[-0.999484896659851] [-0.001710159122013] [ 0.032050289213657] [-0.072788111865520]
[ 0.005937943235040] [-0.991193711757660] [ 0.132288992404938] [-0.075618170201778]
[ 0.031541723757982] [ 0.132411122322083] [ 0.990692734718323] [ 1.233819007873535]
[ 0.000000000000000] [ 0.000000000000000] [ 0.000000000000000] [ 1.000000000000000]

Image: 60
Timestamp: 1769688173_861754655
[-0.998832702636719] [-0.002567551331595] [ 0.048237808048725] [-0.072846710681915]
[ 0.009204443544149] [-0.990406811237335] [ 0.137877136468887] [-0.076233431696892]
[ 0.047420963644981] [ 0.138160169124603] [ 0.989273846149445] [ 1.242767691612244]
[ 0.000000000000000] [ 0.000000000000000] [ 0.000000000000000] [ 1.000000000000000]

Image: 61
Timestamp: 1769688173_887766122
[-0.999182879924774] [-0.001109018456191] [ 0.040405139327049] [-0.072930753231049]
[ 0.006393931340426] [-0.991374194622040] [ 0.130907714366913] [-0.076617687940598]
[ 0.039911340922117] [ 0.131059095263481] [ 0.990570664405823] [ 1.244089841842651]
[ 0.000000000000000] [ 0.000000000000000] [ 0.000000000000000] [ 1.000000000000000]

Image: 62
Timestamp: 1769688173_913076877
[-0.998567938804626] [-0.001422611763701] [ 0.053482614457607] [-0.072232857346535]
[ 0.009014890529215] [-0.989827454090118] [ 0.141989246010780] [-0.075870208442211]
[ 0.052736472338438] [ 0.142268046736717] [ 0.988422155380249] [ 1.234696388244629]
[ 0.000000000000000] [ 0.000000000000000] [ 0.000000000000000] [ 1.000000000000000]

Image: 63
Timestamp: 1769688173_943419933
[-0.999144077301025] [-0.002560897264630] [ 0.041289873421192] [-0.073269560933113]
[ 0.008230363950133] [-0.990435361862183] [ 0.137734308838844] [-0.076349116861820]
[ 0.040542133152485] [ 0.137956261634827] [ 0.989608049392700] [ 1.243705153465271]
[ 0.000000000000000] [ 0.000000000000000] [ 0.000000000000000] [ 1.000000000000000]

Image: 64
Timestamp: 1769688173_973396062
[-0.998890221118927] [-0.000954584276769] [ 0.047091454267502] [-0.073222890496254]
[ 0.007091153878719] [-0.991446912288666] [ 0.130320623517036] [-0.076574109494686]
[ 0.046564176678658] [ 0.130509942770004] [ 0.990352749824524] [ 1.245141506195068]
[ 0.000000000000000] [ 0.000000000000000] [ 0.000000000000000] [ 1.000000000000000]

Image: 65
Timestamp: 1769688173_998180627
[-0.998817980289459] [-0.003540172940120] [ 0.048479005694389] [-0.073114432394505]
[ 0.009906783699989] [-0.991236746311188] [ 0.131728157401085] [-0.076508566737175]
[ 0.047587729990482] [ 0.132052749395370] [ 0.990099549293518] [ 1.238200068473816]
[ 0.000000000000000] [ 0.000000000000000] [ 0.000000000000000] [ 1.000000000000000]

Image: 66
Timestamp: 1769688174_023862838
[-0.999379754066467] [-0.007994318380952] [ 0.034295953810215] [-0.073561795055866]
[ 0.012496955692768] [-0.991016149520874] [ 0.133159711956978] [-0.076381981372833]
[ 0.032923229038715] [ 0.133505746722221] [ 0.990500867366791] [ 1.246331453323364]
[ 0.000000000000000] [ 0.000000000000000] [ 0.000000000000000] [ 1.000000000000000]

Image: 67
Timestamp: 1769688174_052664756
[-0.998357772827148] [-0.003027751808986] [ 0.057206805795431] [-0.072584442794323]
[ 0.011170215904713] [-0.989723563194275] [ 0.142559543251991] [-0.075860999524593]
[ 0.056187197566032] [ 0.142964482307434] [ 0.988131523132324] [ 1.236956119537354]
[ 0.000000000000000] [ 0.000000000000000] [ 0.000000000000000] [ 1.000000000000000]

Image: 68
Timestamp: 1769688174_086560010
[-0.998098790645599] [-0.001170817296952] [ 0.061623267829418] [-0.072420768439770]
[ 0.009450664743781] [-0.990903317928314] [ 0.134245991706848] [-0.075725682079792]
[ 0.060905430465937] [ 0.134573176503181] [ 0.989030003547668] [ 1.234298229217529]
[ 0.000000000000000] [ 0.000000000000000] [ 0.000000000000000] [ 1.000000000000000]

Image: 69
Timestamp: 1769688174_109751224
[-0.998560905456543] [ 0.000713701825589] [ 0.053624380379915] [-0.073384597897530]
[ 0.006359398365021] [-0.991280615329742] [ 0.131616741418839] [-0.076974228024483]
[ 0.053250648081303] [ 0.131768390536308] [ 0.989849090576172] [ 1.247495889663696]
[ 0.000000000000000] [ 0.000000000000000] [ 0.000000000000000] [ 1.000000000000000]

Image: 70
Timestamp: 1769688174_133467435
[-0.997850179672241] [-0.001092281658202] [ 0.065527513623238] [-0.073636822402477]
[ 0.008335709571838] [-0.993855774402618] [ 0.110371448099613] [-0.076461508870125]
[ 0.065004244446754] [ 0.110680408775806] [ 0.991727828979492] [ 1.246772885322571]
[ 0.000000000000000] [ 0.000000000000000] [ 0.000000000000000] [ 1.000000000000000]

Image: 71
Timestamp: 1769688174_167184829
[-0.997687995433807] [-0.002431097673252] [ 0.067918099462986] [-0.073324874043465]
[ 0.009491981007159] [-0.994549393653870] [ 0.103835940361023] [-0.077316410839558]
[ 0.067295372486115] [ 0.104240566492081] [ 0.992272675037384] [ 1.246422290802002]
[ 0.000000000000000] [ 0.000000000000000] [ 0.000000000000000] [ 1.000000000000000]

Image: 72
Timestamp: 1769688174_194543838
[-0.997665286064148] [ 0.004056416451931] [ 0.068173155188560] [-0.073017619550228]
[ 0.003474846715108] [-0.993926405906677] [ 0.109994344413280] [-0.076991312205791]
[ 0.068205185234547] [ 0.109974451363087] [ 0.991591334342957] [ 1.248369455337524]
[ 0.000000000000000] [ 0.000000000000000] [ 0.000000000000000] [ 1.000000000000000]

Image: 73
Timestamp: 1769688174_224087953
[-0.998592138290405] [ 0.001421414432116] [ 0.053027421236038] [-0.073218382894993]
[ 0.004476453177631] [-0.993817210197449] [ 0.110941171646118] [-0.076805755496025]
[ 0.052857156842947] [ 0.111022368073463] [ 0.992411136627197] [ 1.242584943771362]
[ 0.000000000000000] [ 0.000000000000000] [ 0.000000000000000] [ 1.000000000000000]

Image: 74
Timestamp: 1769688174_254734754
[-0.999115288257599] [ 0.001839680015109] [ 0.042016319930553] [-0.072943240404129]
[ 0.002507199067622] [-0.994660437107086] [ 0.103173881769180] [-0.076865337789059]
[ 0.041981678456068] [ 0.103187955915928] [ 0.993775367736816] [ 1.241684913635254]
[ 0.000000000000000] [ 0.000000000000000] [ 0.000000000000000] [ 1.000000000000000]

Image: 75
Timestamp: 1769688174_294214487
[-0.999434769153595] [ 0.002631741110235] [ 0.033517688512802] [-0.073344022035599]
[ 0.000877343467437] [-0.994550406932831] [ 0.104255333542824] [-0.078088343143463]
[ 0.033609304577112] [ 0.104225799441338] [ 0.993985414505005] [ 1.248962879180908]
[ 0.000000000000000] [ 0.000000000000000] [ 0.000000000000000] [ 1.000000000000000]

Image: 76
Timestamp: 1769688174_316492319
[-0.999762296676636] [ 0.000084245577455] [ 0.021809922531247] [-0.073137618601322]
[ 0.002239896683022] [-0.994307875633240] [ 0.106523834168911] [-0.076946467161179]
[ 0.021694649010897] [ 0.106547340750694] [ 0.994070708751678] [ 1.243208408355713]
[ 0.000000000000000] [ 0.000000000000000] [ 0.000000000000000] [ 1.000000000000000]

Image: 77
Timestamp: 1769688174_356213331
[-0.999932587146759] [-0.000538565451279] [ 0.011615984141827] [-0.072823606431484]
[ 0.001840495038778] [-0.993664324283600] [ 0.112375661730766] [-0.077278509736061]
[ 0.011481765657663] [ 0.112389437854290] [ 0.993597686290741] [ 1.239313960075378]
[ 0.000000000000000] [ 0.000000000000000] [ 0.000000000000000] [ 1.000000000000000]

Image: 78
Timestamp: 1769688174_375654697
[-0.999990880489349] [-0.004304016474634] [-0.000390119850636] [-0.073677003383636]
[ 0.004208707250655] [-0.990403354167938] [ 0.138144046068192] [-0.076608411967754]
[-0.000981054268777] [ 0.138141125440598] [ 0.990411877632141] [ 1.240671396255493]
[ 0.000000000000000] [ 0.000000000000000] [ 0.000000000000000] [ 1.000000000000000]

Image: 79
Timestamp: 1769688174_398969411
[-0.999573886394501] [-0.010008071549237] [-0.027428280562162] [-0.073973737657070]
[ 0.005986574105918] [-0.989711701869965] [ 0.142951875925064] [-0.077127516269684]
[-0.028576871380210] [ 0.142726719379425] [ 0.989349305629730] [ 1.248586416244507]
[ 0.000000000000000] [ 0.000000000000000] [ 0.000000000000000] [ 1.000000000000000]

Image: 80
Timestamp: 1769688174_429411172
[-0.999861001968384] [-0.004887070041150] [-0.015951050445437] [-0.073919557034969]
[ 0.002639553509653] [-0.990431368350983] [ 0.137981921434402] [-0.076824583113194]
[-0.016472855582833] [ 0.137920588254929] [ 0.990306019783020] [ 1.243463039398193]
[ 0.000000000000000] [ 0.000000000000000] [ 0.000000000000000] [ 1.000000000000000]

Image: 81
Timestamp: 1769688174_450038433
[-0.999969542026520] [-0.002319189719856] [-0.007476772181690] [-0.074099853634834]
[ 0.001370815793052] [-0.992229640483856] [ 0.124413385987282] [-0.077317766845226]
[-0.007707324810326] [ 0.124399289488792] [ 0.992201983928680] [ 1.243507385253906]
[ 0.000000000000000] [ 0.000000000000000] [ 0.000000000000000] [ 1.000000000000000]

Image: 82
Timestamp: 1769688174_483397960
[-0.999713063240051] [-0.007182352710515] [-0.022861490026116] [-0.073643483221531]
[ 0.004112961236387] [-0.991298437118530] [ 0.131570324301720] [-0.076231487095356]
[-0.023607656359673] [ 0.131438478827477] [ 0.991042852401733] [ 1.239189267158508]
[ 0.000000000000000] [ 0.000000000000000] [ 0.000000000000000] [ 1.000000000000000]

Image: 83
Timestamp: 1769688174_516455888
[-0.999646246433258] [-0.004703830927610] [-0.026185952126980] [-0.073771946132183]
[ 0.001492706360295] [-0.992613196372986] [ 0.121313825249672] [-0.077588960528374]
[-0.026563268154860] [ 0.121231742203236] [ 0.992268443107605] [ 1.245355367660522]
[ 0.000000000000000] [ 0.000000000000000] [ 0.000000000000000] [ 1.000000000000000]

Image: 84
Timestamp: 1769688174_541427373
[-0.999776601791382] [-0.007101474795491] [-0.019918415695429] [-0.073641136288643]
[ 0.004855845589191] [-0.993853867053986] [ 0.110594242811203] [-0.077527314424515]
[-0.020581474527717] [ 0.110472738742828] [ 0.993665695190430] [ 1.246522068977356]
[ 0.000000000000000] [ 0.000000000000000] [ 0.000000000000000] [ 1.000000000000000]

Image: 85
Timestamp: 1769688174_573910713
[-0.999916136264801] [-0.007657189387828] [-0.010459173470736] [-0.073684357106686]
[ 0.006517100613564] [-0.994453668594360] [ 0.104974515736103] [-0.076860599219799]
[-0.011205067858100] [ 0.104897484183311] [ 0.994419574737549] [ 1.242074728012085]
[ 0.000000000000000] [ 0.000000000000000] [ 0.000000000000000] [ 1.000000000000000]

Image: 86
Timestamp: 1769688174_600584506
[-0.999928176403046] [-0.001127858180553] [ 0.011944012716413] [-0.073523685336113]
[ 0.002438914962113] [-0.993890285491943] [ 0.110346511006355] [-0.077882274985313]
[ 0.011746500618756] [ 0.110367655754089] [ 0.993821084499359] [ 1.248709559440613]
[ 0.000000000000000] [ 0.000000000000000] [ 0.000000000000000] [ 1.000000000000000]

Image: 87
Timestamp: 1769688174_624177694
[-0.999727725982666] [-0.005245198495686] [ 0.022743955254555] [-0.073731966316700]
[ 0.007671735249460] [-0.994125545024872] [ 0.107961609959602] [-0.077644884586334]
[ 0.022043991833925] [ 0.108106642961502] [ 0.993894517421722] [ 1.247157454490662]
[ 0.000000000000000] [ 0.000000000000000] [ 0.000000000000000] [ 1.000000000000000]

Image: 88
Timestamp: 1769688174_651385307
[-0.999280810356140] [-0.003543068422005] [ 0.037758275866508] [-0.074301399290562]
[ 0.007896838709712] [-0.993241727352142] [ 0.115795545279980] [-0.077525533735752]
[ 0.037092760205269] [ 0.116010382771492] [ 0.992554783821106] [ 1.245857119560242]
[ 0.000000000000000] [ 0.000000000000000] [ 0.000000000000000] [ 1.000000000000000]

Image: 89
Timestamp: 1769688174_681676387
[-0.999905228614807] [-0.003311361884698] [ 0.013377141207457] [-0.073496080935001]
[ 0.004769633058459] [-0.993863224983215] [ 0.110513523221016] [-0.077124752104282]
[ 0.012929022312164] [ 0.110566787421703] [ 0.993784248828888] [ 1.242206096649170]
[ 0.000000000000000] [ 0.000000000000000] [ 0.000000000000000] [ 1.000000000000000]

Image: 90
Timestamp: 1769688174_707124471
[-0.999949812889099] [-0.008646184578538] [-0.005087423138320] [-0.073716007173061]
[ 0.007903035730124] [-0.991306185722351] [ 0.131338238716125] [-0.076910838484764]
[-0.006178847514093] [ 0.131291374564171] [ 0.991324245929718] [ 1.243584632873535]
[ 0.000000000000000] [ 0.000000000000000] [ 0.000000000000000] [ 1.000000000000000]

Image: 91
Timestamp: 1769688174_736909151
[-0.999936282634735] [-0.003312097629532] [ 0.010802220553160] [-0.074183270335197]
[ 0.004525034688413] [-0.993437409400940] [ 0.114288270473480] [-0.077148981392384]
[ 0.010352727025747] [ 0.114329800009727] [ 0.993388593196869] [ 1.244507908821106]
[ 0.000000000000000] [ 0.000000000000000] [ 0.000000000000000] [ 1.000000000000000]

Image: 92
Timestamp: 1769688174_760248899
[-0.999834239482880] [-0.005031087901443] [ 0.017502177506685] [-0.073218688368797]
[ 0.007144623901695] [-0.992395102977753] [ 0.122886657714844] [-0.077696256339550]
[ 0.016750752925873] [ 0.122991278767586] [ 0.992266058921814] [ 1.245034098625183]
[ 0.000000000000000] [ 0.000000000000000] [ 0.000000000000000] [ 1.000000000000000]

Image: 93
Timestamp: 1769688174_792861461
[-0.999972939491272] [-0.005347992293537] [ 0.005071122199297] [-0.073764458298683]
[ 0.006026305258274] [-0.989426255226135] [ 0.144912496209145] [-0.076184779405594]
[ 0.004242440685630] [ 0.144939079880714] [ 0.989431142807007] [ 1.237149119377136]
[ 0.000000000000000] [ 0.000000000000000] [ 0.000000000000000] [ 1.000000000000000]

Image: 94
Timestamp: 1769688174_819089174
[-0.999939024448395] [-0.009560044854879] [ 0.005544611252844] [-0.073244608938694]
[ 0.010230990126729] [-0.990468263626099] [ 0.137361496686935] [-0.076257035136223]
[ 0.004178514704108] [ 0.137409791350365] [ 0.990505158901215] [ 1.234217762947083]
[ 0.000000000000000] [ 0.000000000000000] [ 0.000000000000000] [ 1.000000000000000]

Image: 95
Timestamp: 1769688174_841990470
[-0.999851286411285] [-0.004576480947435] [ 0.016638319939375] [-0.073035955429077]
[ 0.006892133504152] [-0.989854872226715] [ 0.141915768384933] [-0.076328493654728]
[ 0.015819983556867] [ 0.142009288072586] [ 0.989738643169403] [ 1.233162283897400]
[ 0.000000000000000] [ 0.000000000000000] [ 0.000000000000000] [ 1.000000000000000]

Image: 96
Timestamp: 1769688174_872111320
[-0.999906957149506] [-0.006274090148509] [ 0.012128802016377] [-0.073609143495560]
[ 0.007825015112758] [-0.991166055202484] [ 0.132396593689919] [-0.077248752117157]
[ 0.011190921068192] [ 0.132479146122932] [ 0.991122364997864] [ 1.241125345230103]
[ 0.000000000000000] [ 0.000000000000000] [ 0.000000000000000] [ 1.000000000000000]

Image: 97
Timestamp: 1769688174_900758981
[-0.999957203865051] [-0.005803293082863] [ 0.007230976130813] [-0.073286674916744]
[ 0.006669567897916] [-0.991979539394379] [ 0.126223504543304] [-0.076069317758083]
[ 0.006440396420658] [ 0.126266285777092] [ 0.991975247859955] [ 1.237408280372620]
[ 0.000000000000000] [ 0.000000000000000] [ 0.000000000000000] [ 1.000000000000000]

Image: 98
Timestamp: 1769688174_935116529
[-0.999925494194031] [-0.004936759360135] [ 0.011174536310136] [-0.073237515985966]
[ 0.006444665603340] [-0.990239620208740] [ 0.139227747917175] [-0.076444931328297]
[ 0.010378064587712] [ 0.139289364218712] [ 0.990197122097015] [ 1.233567953109741]
[ 0.000000000000000] [ 0.000000000000000] [ 0.000000000000000] [ 1.000000000000000]

Image: 99
Timestamp: 1769688174_961496114
[-0.999679982662201] [-0.004521412309259] [ 0.024895744398236] [-0.072885185480118]
[ 0.007522022351623] [-0.992527067661285] [ 0.121794298291206] [-0.076913326978683]
[ 0.024158943444490] [ 0.121942557394505] [ 0.992242932319641] [ 1.237795948982239]
[ 0.000000000000000] [ 0.000000000000000] [ 0.000000000000000] [ 1.000000000000000]

Image: 100
Timestamp: 1769688174_989500045
[-0.999907851219177] [-0.007524868939072] [-0.011313792318106] [-0.073551528155804]
[ 0.005959494505078] [-0.991163253784180] [ 0.132515132427216] [-0.076135799288750]
[-0.012211048975587] [ 0.132435441017151] [ 0.991116225719452] [ 1.236296534538269]
[ 0.000000000000000] [ 0.000000000000000] [ 0.000000000000000] [ 1.000000000000000]

Image: 101
Timestamp: 1769688175_015467405
[-0.999962568283081] [-0.003649397986010] [ 0.007871140725911] [-0.073529869318008]
[ 0.004632518161088] [-0.991664290428162] [ 0.128766402602196] [-0.076915577054024]
[ 0.007335538975894] [ 0.128797993063927] [ 0.991643548011780] [ 1.242618918418884]
[ 0.000000000000000] [ 0.000000000000000] [ 0.000000000000000] [ 1.000000000000000]

Image: 102
Timestamp: 1769688175_045028686
[-0.999921441078186] [-0.004331377334893] [ 0.011778591200709] [-0.073771767318249]
[ 0.005718886386603] [-0.992701888084412] [ 0.120459869503975] [-0.076278910040855]
[ 0.011170802637935] [ 0.120517723262310] [ 0.992648184299469] [ 1.234319329261780]
[ 0.000000000000000] [ 0.000000000000000] [ 0.000000000000000] [ 1.000000000000000]

Image: 103
Timestamp: 1769688175_070933818
[-0.999770581722260] [-0.003963168710470] [ 0.021058328449726] [-0.073507711291313]
[ 0.006617908831686] [-0.991811096668243] [ 0.127543002367020] [-0.075948365032673]
[ 0.020380344241858] [ 0.127653047442436] [ 0.991609275341034] [ 1.238661408424377]
[ 0.000000000000000] [ 0.000000000000000] [ 0.000000000000000] [ 1.000000000000000]

Image: 104
Timestamp: 1769688175_102571725
[-0.999959766864777] [-0.008969350717962] [ 0.000473175197840] [-0.073515333235264]
[ 0.008950310759246] [-0.990692198276520] [ 0.135827153921127] [-0.075991041958332]
[-0.000749582424760] [ 0.135825857520103] [ 0.990732192993164] [ 1.234036803245544]
[ 0.000000000000000] [ 0.000000000000000] [ 0.000000000000000] [ 1.000000000000000]

Image: 105
Timestamp: 1769688175_127659082
[-0.999960482120514] [-0.008226163685322] [ 0.003407912794501] [-0.073529936373234]
[ 0.008622981607914] [-0.990058779716492] [ 0.140390574932098] [-0.076469950377941]
[ 0.002219088142738] [ 0.140414342284203] [ 0.990090072154999] [ 1.236844897270203]
[ 0.000000000000000] [ 0.000000000000000] [ 0.000000000000000] [ 1.000000000000000]

Image: 106
Timestamp: 1769688175_151427745
[-0.999999403953552] [ 0.001104025170207] [-0.000492332968861] [-0.073676235973835]
